20.00125 20.00375 20.00625 20.00875 20.01125 20.01375 20.01625 20.01875 20.02125 20.02375 20.02625 20.02875 20.03125 20.03375 20.03625 20.03875 20.04125 20.04375 20.04625 20.04875 20.05125 20.05375 20.05625 20.05875 20.06125 20.06375 20.06625 20.06875 20.07125 20.07375 20.07625 20.07875 20.08125 20.08375 20.08625 20.08875 20.09125 20.09375 20.09625 20.09875 20.10125 20.10375 20.10625 20.10875 20.11125 20.11375 20.11625 20.11875 20.12125 20.12375 20.12625 20.12875 20.13125 20.13375 20.13625 20.13875 20.14125 20.14375 20.14625 20.14875 20.15125 20.15375 20.15625 20.15875 20.16125 20.16375 20.16625 20.16875 20.17125 20.17375 20.17625 20.17875 20.18125 20.18375 20.18625 20.18875 20.19125 20.19375 20.19625 20.19875 20.20125 20.20375 20.20625 20.20875 20.21125 20.21375 20.21625 20.21875 20.22125 20.22375 20.22625 20.22875 20.23125 20.23375 20.23625 20.23875 20.24125 20.24375 20.24625 20.24875
20.00375 20.01125 20.01875 20.02625 20.03375 20.04125 20.04875 20.05625 20.06375 20.07125 20.07875 20.08625 20.09375 20.10125 20.10875 20.11625 20.12375 20.13125 20.13875 20.14625 20.15375 20.16125 20.16875 20.17625 20.18375 20.19125 20.19875 20.20625 20.21375 20.22125 20.22875 20.23625 20.24375 20.25125 20.25875 20.26625 20.27375 20.28125 20.28875 20.29625 20.30375 20.31125 20.31875 20.32625 20.33375 20.34125 20.34875 20.35625 20.36375 20.37125 20.37875 20.38625 20.39375 20.40125 20.40875 20.41625 20.42375 20.43125 20.43875 20.44625 20.45375 20.46125 20.46875 20.47625 20.48375 20.49125 20.49875 20.50625 20.51375 20.52125 20.52875 20.53625 20.54375 20.55125 20.55875 20.56625 20.57375 20.58125 20.58875 20.59625 20.60375 20.61125 20.61875 20.62625 20.63375 20.64125 20.64875 20.65625 20.66375 20.67125 20.67875 20.68625 20.69375 20.70125 20.70875 20.71625 20.72375 20.73125 20.73875 20.74625
20.00625 20.01875 20.03125 20.04375 20.05625 20.06875 20.08125 20.09375 20.10625 20.11875 20.13125 20.14375 20.15625 20.16875 20.18125 20.19375 20.20625 20.21875 20.23125 20.24375 20.25625 20.26875 20.28125 20.29375 20.30625 20.31875 20.33125 20.34375 20.35625 20.36875 20.38125 20.39375 20.40625 20.41875 20.43125 20.44375 20.45625 20.46875 20.48125 20.49375 20.50625 20.51875 20.53125 20.54375 20.55625 20.56875 20.58125 20.59375 20.60625 20.61875 20.63125 20.64375 20.65625 20.66875 20.68125 20.69375 20.70625 20.71875 20.73125 20.74375 20.75625 20.76875 20.78125 20.79375 20.80625 20.81875 20.83125 20.84375 20.85625 20.86875 20.88125 20.89375 20.90625 20.91875 20.93125 20.94375 20.95625 20.96875 20.98125 20.99375 21.00625 21.01875 21.03125 21.04375 21.05625 21.06875 21.08125 21.09375 21.10625 21.11875 21.13125 21.14375 21.15625 21.16875 21.18125 21.19375 21.20625 21.21875 21.23125 21.24375
20.00875 20.02625 20.04375 20.06125 20.07875 20.09625 20.11375 20.13125 20.14875 20.16625 20.18375 20.20125 20.21875 20.23625 20.25375 20.27125 20.28875 20.30625 20.32375 20.34125 20.35875 20.37625 20.39375 20.41125 20.42875 20.44625 20.46375 20.48125 20.49875 20.51625 20.53375 20.55125 20.56875 20.58625 20.60375 20.62125 20.63875 20.65625 20.67375 20.69125 20.70875 20.72625 20.74375 20.76125 20.77875 20.79625 20.81375 20.83125 20.84875 20.86625 20.88375 20.90125 20.91875 20.93625 20.95375 20.97125 20.98875 21.00625 21.02375 21.04125 21.05875 21.07625 21.09375 21.11125 21.12875 21.14625 21.16375 21.18125 21.19875 21.21625 21.23375 21.25125 21.26875 21.28625 21.30375 21.32125 21.33875 21.35625 21.37375 21.39125 21.40875 21.42625 21.44375 21.46125 21.47875 21.49625 21.51375 21.53125 21.54875 21.56625 21.58375 21.60125 21.61875 21.63625 21.65375 21.67125 21.68875 21.70625 21.72375 21.74125
20.01125 20.03375 20.05625 20.07875 20.10125 20.12375 20.14625 20.16875 20.19125 20.21375 20.23625 20.25875 20.28125 20.30375 20.32625 20.34875 20.37125 20.39375 20.41625 20.43875 20.46125 20.48375 20.50625 20.52875 20.55125 20.57375 20.59625 20.61875 20.64125 20.66375 20.68625 20.70875 20.73125 20.75375 20.77625 20.79875 20.82125 20.84375 20.86625 20.88875 20.91125 20.93375 20.95625 20.97875 21.00125 21.02375 21.04625 21.06875 21.09125 21.11375 21.13625 21.15875 21.18125 21.20375 21.22625 21.24875 21.27125 21.29375 21.31625 21.33875 21.36125 21.38375 21.40625 21.42875 21.45125 21.47375 21.49625 21.51875 21.54125 21.56375 21.58625 21.60875 21.63125 21.65375 21.67625 21.69875 21.72125 21.74375 21.76625 21.78875 21.81125 21.83375 21.85625 21.87875 21.90125 21.92375 21.94625 21.96875 21.99125 22.01375 22.03625 22.05875 22.08125 22.10375 22.12625 22.14875 22.17125 22.19375 22.21625 22.23875
20.01375 20.04125 20.06875 20.09625 20.12375 20.15125 20.17875 20.20625 20.23375 20.26125 20.28875 20.31625 20.34375 20.37125 20.39875 20.42625 20.45375 20.48125 20.50875 20.53625 20.56375 20.59125 20.61875 20.64625 20.67375 20.70125 20.72875 20.75625 20.78375 20.81125 20.83875 20.86625 20.89375 20.92125 20.94875 20.97625 21.00375 21.03125 21.05875 21.08625 21.11375 21.14125 21.16875 21.19625 21.22375 21.25125 21.27875 21.30625 21.33375 21.36125 21.38875 21.41625 21.44375 21.47125 21.49875 21.52625 21.55375 21.58125 21.60875 21.63625 21.66375 21.69125 21.71875 21.74625 21.77375 21.80125 21.82875 21.85625 21.88375 21.91125 21.93875 21.96625 21.99375 22.02125 22.04875 22.07625 22.10375 22.13125 22.15875 22.18625 22.21375 22.24125 22.26875 22.29625 22.32375 22.35125 22.37875 22.40625 22.43375 22.46125 22.48875 22.51625 22.54375 22.57125 22.59875 22.62625 22.65375 22.68125 22.70875 22.73625
20.01625 20.04875 20.08125 20.11375 20.14625 20.17875 20.21125 20.24375 20.27625 20.30875 20.34125 20.37375 20.40625 20.43875 20.47125 20.50375 20.53625 20.56875 20.60125 20.63375 20.66625 20.69875 20.73125 20.76375 20.79625 20.82875 20.86125 20.89375 20.92625 20.95875 20.99125 21.02375 21.05625 21.08875 21.12125 21.15375 21.18625 21.21875 21.25125 21.28375 21.31625 21.34875 21.38125 21.41375 21.44625 21.47875 21.51125 21.54375 21.57625 21.60875 21.64125 21.67375 21.70625 21.73875 21.77125 21.80375 21.83625 21.86875 21.90125 21.93375 21.96625 21.99875 22.03125 22.06375 22.09625 22.12875 22.16125 22.19375 22.22625 22.25875 22.29125 22.32375 22.35625 22.38875 22.42125 22.45375 22.48625 22.51875 22.55125 22.58375 22.61625 22.64875 22.68125 22.71375 22.74625 22.77875 22.81125 22.84375 22.87625 22.90875 22.94125 22.97375 23.00625 23.03875 23.07125 23.10375 23.13625 23.16875 23.20125 23.23375
20.01875 20.05625 20.09375 20.13125 20.16875 20.20625 20.24375 20.28125 20.31875 20.35625 20.39375 20.43125 20.46875 20.50625 20.54375 20.58125 20.61875 20.65625 20.69375 20.73125 20.76875 20.80625 20.84375 20.88125 20.91875 20.95625 20.99375 21.03125 21.06875 21.10625 21.14375 21.18125 21.21875 21.25625 21.29375 21.33125 21.36875 21.40625 21.44375 21.48125 21.51875 21.55625 21.59375 21.63125 21.66875 21.70625 21.74375 21.78125 21.81875 21.85625 21.89375 21.93125 21.96875 22.00625 22.04375 22.08125 22.11875 22.15625 22.19375 22.23125 22.26875 22.30625 22.34375 22.38125 22.41875 22.45625 22.49375 22.53125 22.56875 22.60625 22.64375 22.68125 22.71875 22.75625 22.79375 22.83125 22.86875 22.90625 22.94375 22.98125 23.01875 23.05625 23.09375 23.13125 23.16875 23.20625 23.24375 23.28125 23.31875 23.35625 23.39375 23.43125 23.46875 23.50625 23.54375 23.58125 23.61875 23.65625 23.69375 23.73125
20.02125 20.06375 20.10625 20.14875 20.19125 20.23375 20.27625 20.31875 20.36125 20.40375 20.44625 20.48875 20.53125 20.57375 20.61625 20.65875 20.70125 20.74375 20.78625 20.82875 20.87125 20.91375 20.95625 20.99875 21.04125 21.08375 21.12625 21.16875 21.21125 21.25375 21.29625 21.33875 21.38125 21.42375 21.46625 21.50875 21.55125 21.59375 21.63625 21.67875 21.72125 21.76375 21.80625 21.84875 21.89125 21.93375 21.97625 22.01875 22.06125 22.10375 22.14625 22.18875 22.23125 22.27375 22.31625 22.35875 22.40125 22.44375 22.48625 22.52875 22.57125 22.61375 22.65625 22.69875 22.74125 22.78375 22.82625 22.86875 22.91125 22.95375 22.99625 23.03875 23.08125 23.12375 23.16625 23.20875 23.25125 23.29375 23.33625 23.37875 23.42125 23.46375 23.50625 23.54875 23.59125 23.63375 23.67625 23.71875 23.76125 23.80375 23.84625 23.88875 23.93125 23.97375 24.01625 24.05875 24.10125 24.14375 24.18625 24.22875
20.02375 20.07125 20.11875 20.16625 20.21375 20.26125 20.30875 20.35625 20.40375 20.45125 20.49875 20.54625 20.59375 20.64125 20.68875 20.73625 20.78375 20.83125 20.87875 20.92625 20.97375 21.02125 21.06875 21.11625 21.16375 21.21125 21.25875 21.30625 21.35375 21.40125 21.44875 21.49625 21.54375 21.59125 21.63875 21.68625 21.73375 21.78125 21.82875 21.87625 21.92375 21.97125 22.01875 22.06625 22.11375 22.16125 22.20875 22.25625 22.30375 22.35125 22.39875 22.44625 22.49375 22.54125 22.58875 22.63625 22.68375 22.73125 22.77875 22.82625 22.87375 22.92125 22.96875 23.01625 23.06375 23.11125 23.15875 23.20625 23.25375 23.30125 23.34875 23.39625 23.44375 23.49125 23.53875 23.58625 23.63375 23.68125 23.72875 23.77625 23.82375 23.87125 23.91875 23.96625 24.01375 24.06125 24.10875 24.15625 24.20375 24.25125 24.29875 24.34625 24.39375 24.44125 24.48875 24.53625 24.58375 24.63125 24.67875 24.72625
20.02625 20.07875 20.13125 20.18375 20.23625 20.28875 20.34125 20.39375 20.44625 20.49875 20.55125 20.60375 20.65625 20.70875 20.76125 20.81375 20.86625 20.91875 20.97125 21.02375 21.07625 21.12875 21.18125 21.23375 21.28625 21.33875 21.39125 21.44375 21.49625 21.54875 21.60125 21.65375 21.70625 21.75875 21.81125 21.86375 21.91625 21.96875 22.02125 22.07375 22.12625 22.17875 22.23125 22.28375 22.33625 22.38875 22.44125 22.49375 22.54625 22.59875 22.65125 22.70375 22.75625 22.80875 22.86125 22.91375 22.96625 23.01875 23.07125 23.12375 23.17625 23.22875 23.28125 23.33375 23.38625 23.43875 23.49125 23.54375 23.59625 23.64875 23.70125 23.75375 23.80625 23.85875 23.91125 23.96375 24.01625 24.06875 24.12125 24.17375 24.22625 24.27875 24.33125 24.38375 24.43625 24.48875 24.54125 24.59375 24.64625 24.69875 24.75125 24.80375 24.85625 24.90875 24.96125 25.01375 25.06625 25.11875 25.17125 25.22375
20.02875 20.08625 20.14375 20.20125 20.25875 20.31625 20.37375 20.43125 20.48875 20.54625 20.60375 20.66125 20.71875 20.77625 20.83375 20.89125 20.94875 21.00625 21.06375 21.12125 21.17875 21.23625 21.29375 21.35125 21.40875 21.46625 21.52375 21.58125 21.63875 21.69625 21.75375 21.81125 21.86875 21.92625 21.98375 22.04125 22.09875 22.15625 22.21375 22.27125 22.32875 22.38625 22.44375 22.50125 22.55875 22.61625 22.67375 22.73125 22.78875 22.84625 22.90375 22.96125 23.01875 23.07625 23.13375 23.19125 23.24875 23.30625 23.36375 23.42125 23.47875 23.53625 23.59375 23.65125 23.70875 23.76625 23.82375 23.88125 23.93875 23.99625 24.05375 24.11125 24.16875 24.22625 24.28375 24.34125 24.39875 24.45625 24.51375 24.57125 24.62875 24.68625 24.74375 24.80125 24.85875 24.91625 24.97375 25.03125 25.08875 25.14625 25.20375 25.26125 25.31875 25.37625 25.43375 25.49125 25.54875 25.60625 25.66375 25.72125
20.03125 20.09375 20.15625 20.21875 20.28125 20.34375 20.40625 20.46875 20.53125 20.59375 20.65625 20.71875 20.78125 20.84375 20.90625 20.96875 21.03125 21.09375 21.15625 21.21875 21.28125 21.34375 21.40625 21.46875 21.53125 21.59375 21.65625 21.71875 21.78125 21.84375 21.90625 21.96875 22.03125 22.09375 22.15625 22.21875 22.28125 22.34375 22.40625 22.46875 22.53125 22.59375 22.65625 22.71875 22.78125 22.84375 22.90625 22.96875 23.03125 23.09375 23.15625 23.21875 23.28125 23.34375 23.40625 23.46875 23.53125 23.59375 23.65625 23.71875 23.78125 23.84375 23.90625 23.96875 24.03125 24.09375 24.15625 24.21875 24.28125 24.34375 24.40625 24.46875 24.53125 24.59375 24.65625 24.71875 24.78125 24.84375 24.90625 24.96875 25.03125 25.09375 25.15625 25.21875 25.28125 25.34375 25.40625 25.46875 25.53125 25.59375 25.65625 25.71875 25.78125 25.84375 25.90625 25.96875 26.03125 26.09375 26.15625 26.21875
20.03375 20.10125 20.16875 20.23625 20.30375 20.37125 20.43875 20.50625 20.57375 20.64125 20.70875 20.77625 20.84375 20.91125 20.97875 21.04625 21.11375 21.18125 21.24875 21.31625 21.38375 21.45125 21.51875 21.58625 21.65375 21.72125 21.78875 21.85625 21.92375 21.99125 22.05875 22.12625 22.19375 22.26125 22.32875 22.39625 22.46375 22.53125 22.59875 22.66625 22.73375 22.80125 22.86875 22.93625 23.00375 23.07125 23.13875 23.20625 23.27375 23.34125 23.40875 23.47625 23.54375 23.61125 23.67875 23.74625 23.81375 23.88125 23.94875 24.01625 24.08375 24.15125 24.21875 24.28625 24.35375 24.42125 24.48875 24.55625 24.62375 24.69125 24.75875 24.82625 24.89375 24.96125 25.02875 25.09625 25.16375 25.23125 25.29875 25.36625 25.43375 25.50125 25.56875 25.63625 25.70375 25.77125 25.83875 25.90625 25.97375 26.04125 26.10875 26.17625 26.24375 26.31125 26.37875 26.44625 26.51375 26.58125 26.64875 26.71625
20.03625 20.10875 20.18125 20.25375 20.32625 20.39875 20.47125 20.54375 20.61625 20.68875 20.76125 20.83375 20.90625 20.97875 21.05125 21.12375 21.19625 21.26875 21.34125 21.41375 21.48625 21.55875 21.63125 21.70375 21.77625 21.84875 21.92125 21.99375 22.06625 22.13875 22.21125 22.28375 22.35625 22.42875 22.50125 22.57375 22.64625 22.71875 22.79125 22.86375 22.93625 23.00875 23.08125 23.15375 23.22625 23.29875 23.37125 23.44375 23.51625 23.58875 23.66125 23.73375 23.80625 23.87875 23.95125 24.02375 24.09625 24.16875 24.24125 24.31375 24.38625 24.45875 24.53125 24.60375 24.67625 24.74875 24.82125 24.89375 24.96625 25.03875 25.11125 25.18375 25.25625 25.32875 25.40125 25.47375 25.54625 25.61875 25.69125 25.76375 25.83625 25.90875 25.98125 26.05375 26.12625 26.19875 26.27125 26.34375 26.41625 26.48875 26.56125 26.63375 26.70625 26.77875 26.85125 26.92375 26.99625 27.06875 27.14125 27.21375
20.03875 20.11625 20.19375 20.27125 20.34875 20.42625 20.50375 20.58125 20.65875 20.73625 20.81375 20.89125 20.96875 21.04625 21.12375 21.20125 21.27875 21.35625 21.43375 21.51125 21.58875 21.66625 21.74375 21.82125 21.89875 21.97625 22.05375 22.13125 22.20875 22.28625 22.36375 22.44125 22.51875 22.59625 22.67375 22.75125 22.82875 22.90625 22.98375 23.06125 23.13875 23.21625 23.29375 23.37125 23.44875 23.52625 23.60375 23.68125 23.75875 23.83625 23.91375 23.99125 24.06875 24.14625 24.22375 24.30125 24.37875 24.45625 24.53375 24.61125 24.68875 24.76625 24.84375 24.92125 24.99875 25.07625 25.15375 25.23125 25.30875 25.38625 25.46375 25.54125 25.61875 25.69625 25.77375 25.85125 25.92875 26.00625 26.08375 26.16125 26.23875 26.31625 26.39375 26.47125 26.54875 26.62625 26.70375 26.78125 26.85875 26.93625 27.01375 27.09125 27.16875 27.24625 27.32375 27.40125 27.47875 27.55625 27.63375 27.71125
20.04125 20.12375 20.20625 20.28875 20.37125 20.45375 20.53625 20.61875 20.70125 20.78375 20.86625 20.94875 21.03125 21.11375 21.19625 21.27875 21.36125 21.44375 21.52625 21.60875 21.69125 21.77375 21.85625 21.93875 22.02125 22.10375 22.18625 22.26875 22.35125 22.43375 22.51625 22.59875 22.68125 22.76375 22.84625 22.92875 23.01125 23.09375 23.17625 23.25875 23.34125 23.42375 23.50625 23.58875 23.67125 23.75375 23.83625 23.91875 24.00125 24.08375 24.16625 24.24875 24.33125 24.41375 24.49625 24.57875 24.66125 24.74375 24.82625 24.90875 24.99125 25.07375 25.15625 25.23875 25.32125 25.40375 25.48625 25.56875 25.65125 25.73375 25.81625 25.89875 25.98125 26.06375 26.14625 26.22875 26.31125 26.39375 26.47625 26.55875 26.64125 26.72375 26.80625 26.88875 26.97125 27.05375 27.13625 27.21875 27.30125 27.38375 27.46625 27.54875 27.63125 27.71375 27.79625 27.87875 27.96125 28.04375 28.12625 28.20875
20.04375 20.13125 20.21875 20.30625 20.39375 20.48125 20.56875 20.65625 20.74375 20.83125 20.91875 21.00625 21.09375 21.18125 21.26875 21.35625 21.44375 21.53125 21.61875 21.70625 21.79375 21.88125 21.96875 22.05625 22.14375 22.23125 22.31875 22.40625 22.49375 22.58125 22.66875 22.75625 22.84375 22.93125 23.01875 23.10625 23.19375 23.28125 23.36875 23.45625 23.54375 23.63125 23.71875 23.80625 23.89375 23.98125 24.06875 24.15625 24.24375 24.33125 24.41875 24.50625 24.59375 24.68125 24.76875 24.85625 24.94375 25.03125 25.11875 25.20625 25.29375 25.38125 25.46875 25.55625 25.64375 25.73125 25.81875 25.90625 25.99375 26.08125 26.16875 26.25625 26.34375 26.43125 26.51875 26.60625 26.69375 26.78125 26.86875 26.95625 27.04375 27.13125 27.21875 27.30625 27.39375 27.48125 27.56875 27.65625 27.74375 27.83125 27.91875 28.00625 28.09375 28.18125 28.26875 28.35625 28.44375 28.53125 28.61875 28.70625
20.04625 20.13875 20.23125 20.32375 20.41625 20.50875 20.60125 20.69375 20.78625 20.87875 20.97125 21.06375 21.15625 21.24875 21.34125 21.43375 21.52625 21.61875 21.71125 21.80375 21.89625 21.98875 22.08125 22.17375 22.26625 22.35875 22.45125 22.54375 22.63625 22.72875 22.82125 22.91375 23.00625 23.09875 23.19125 23.28375 23.37625 23.46875 23.56125 23.65375 23.74625 23.83875 23.93125 24.02375 24.11625 24.20875 24.30125 24.39375 24.48625 24.57875 24.67125 24.76375 24.85625 24.94875 25.04125 25.13375 25.22625 25.31875 25.41125 25.50375 25.59625 25.68875 25.78125 25.87375 25.96625 26.05875 26.15125 26.24375 26.33625 26.42875 26.52125 26.61375 26.70625 26.79875 26.89125 26.98375 27.07625 27.16875 27.26125 27.35375 27.44625 27.53875 27.63125 27.72375 27.81625 27.90875 28.00125 28.09375 28.18625 28.27875 28.37125 28.46375 28.55625 28.64875 28.74125 28.83375 28.92625 29.01875 29.11125 29.20375
20.04875 20.14625 20.24375 20.34125 20.43875 20.53625 20.63375 20.73125 20.82875 20.92625 21.02375 21.12125 21.21875 21.31625 21.41375 21.51125 21.60875 21.70625 21.80375 21.90125 21.99875 22.09625 22.19375 22.29125 22.38875 22.48625 22.58375 22.68125 22.77875 22.87625 22.97375 23.07125 23.16875 23.26625 23.36375 23.46125 23.55875 23.65625 23.75375 23.85125 23.94875 24.04625 24.14375 24.24125 24.33875 24.43625 24.53375 24.63125 24.72875 24.82625 24.92375 25.02125 25.11875 25.21625 25.31375 25.41125 25.50875 25.60625 25.70375 25.80125 25.89875 25.99625 26.09375 26.19125 26.28875 26.38625 26.48375 26.58125 26.67875 26.77625 26.87375 26.97125 27.06875 27.16625 27.26375 27.36125 27.45875 27.55625 27.65375 27.75125 27.84875 27.94625 28.04375 28.14125 28.23875 28.33625 28.43375 28.53125 28.62875 28.72625 28.82375 28.92125 29.01875 29.11625 29.21375 29.31125 29.40875 29.50625 29.60375 29.70125
20.05125 20.15375 20.25625 20.35875 20.46125 20.56375 20.66625 20.76875 20.87125 20.97375 21.07625 21.17875 21.28125 21.38375 21.48625 21.58875 21.69125 21.79375 21.89625 21.99875 22.10125 22.20375 22.30625 22.40875 22.51125 22.61375 22.71625 22.81875 22.92125 23.02375 23.12625 23.22875 23.33125 23.43375 23.53625 23.63875 23.74125 23.84375 23.94625 24.04875 24.15125 24.25375 24.35625 24.45875 24.56125 24.66375 24.76625 24.86875 24.97125 25.07375 25.17625 25.27875 25.38125 25.48375 25.58625 25.68875 25.79125 25.89375 25.99625 26.09875 26.20125 26.30375 26.40625 26.50875 26.61125 26.71375 26.81625 26.91875 27.02125 27.12375 27.22625 27.32875 27.43125 27.53375 27.63625 27.73875 27.84125 27.94375 28.04625 28.14875 28.25125 28.35375 28.45625 28.55875 28.66125 28.76375 28.86625 28.96875 29.07125 29.17375 29.27625 29.37875 29.48125 29.58375 29.68625 29.78875 29.89125 29.99375 30.09625 30.19875
20.05375 20.16125 20.26875 20.37625 20.48375 20.59125 20.69875 20.80625 20.91375 21.02125 21.12875 21.23625 21.34375 21.45125 21.55875 21.66625 21.77375 21.88125 21.98875 22.09625 22.20375 22.31125 22.41875 22.52625 22.63375 22.74125 22.84875 22.95625 23.06375 23.17125 23.27875 23.38625 23.49375 23.60125 23.70875 23.81625 23.92375 24.03125 24.13875 24.24625 24.35375 24.46125 24.56875 24.67625 24.78375 24.89125 24.99875 25.10625 25.21375 25.32125 25.42875 25.53625 25.64375 25.75125 25.85875 25.96625 26.07375 26.18125 26.28875 26.39625 26.50375 26.61125 26.71875 26.82625 26.93375 27.04125 27.14875 27.25625 27.36375 27.47125 27.57875 27.68625 27.79375 27.90125 28.00875 28.11625 28.22375 28.33125 28.43875 28.54625 28.65375 28.76125 28.86875 28.97625 29.08375 29.19125 29.29875 29.40625 29.51375 29.62125 29.72875 29.83625 29.94375 30.05125 30.15875 30.26625 30.37375 30.48125 30.58875 30.69625
20.05625 20.16875 20.28125 20.39375 20.50625 20.61875 20.73125 20.84375 20.95625 21.06875 21.18125 21.29375 21.40625 21.51875 21.63125 21.74375 21.85625 21.96875 22.08125 22.19375 22.30625 22.41875 22.53125 22.64375 22.75625 22.86875 22.98125 23.09375 23.20625 23.31875 23.43125 23.54375 23.65625 23.76875 23.88125 23.99375 24.10625 24.21875 24.33125 24.44375 24.55625 24.66875 24.78125 24.89375 25.00625 25.11875 25.23125 25.34375 25.45625 25.56875 25.68125 25.79375 25.90625 26.01875 26.13125 26.24375 26.35625 26.46875 26.58125 26.69375 26.80625 26.91875 27.03125 27.14375 27.25625 27.36875 27.48125 27.59375 27.70625 27.81875 27.93125 28.04375 28.15625 28.26875 28.38125 28.49375 28.60625 28.71875 28.83125 28.94375 29.05625 29.16875 29.28125 29.39375 29.50625 29.61875 29.73125 29.84375 29.95625 30.06875 30.18125 30.29375 30.40625 30.51875 30.63125 30.74375 30.85625 30.96875 31.08125 31.19375
20.05875 20.17625 20.29375 20.41125 20.52875 20.64625 20.76375 20.88125 20.99875 21.11625 21.23375 21.35125 21.46875 21.58625 21.70375 21.82125 21.93875 22.05625 22.17375 22.29125 22.40875 22.52625 22.64375 22.76125 22.87875 22.99625 23.11375 23.23125 23.34875 23.46625 23.58375 23.70125 23.81875 23.93625 24.05375 24.17125 24.28875 24.40625 24.52375 24.64125 24.75875 24.87625 24.99375 25.11125 25.22875 25.34625 25.46375 25.58125 25.69875 25.81625 25.93375 26.05125 26.16875 26.28625 26.40375 26.52125 26.63875 26.75625 26.87375 26.99125 27.10875 27.22625 27.34375 27.46125 27.57875 27.69625 27.81375 27.93125 28.04875 28.16625 28.28375 28.40125 28.51875 28.63625 28.75375 28.87125 28.98875 29.10625 29.22375 29.34125 29.45875 29.57625 29.69375 29.81125 29.92875 30.04625 30.16375 30.28125 30.39875 30.51625 30.63375 30.75125 30.86875 30.98625 31.10375 31.22125 31.33875 31.45625 31.57375 31.69125
20.06125 20.18375 20.30625 20.42875 20.55125 20.67375 20.79625 20.91875 21.04125 21.16375 21.28625 21.40875 21.53125 21.65375 21.77625 21.89875 22.02125 22.14375 22.26625 22.38875 22.51125 22.63375 22.75625 22.87875 23.00125 23.12375 23.24625 23.36875 23.49125 23.61375 23.73625 23.85875 23.98125 24.10375 24.22625 24.34875 24.47125 24.59375 24.71625 24.83875 24.96125 25.08375 25.20625 25.32875 25.45125 25.57375 25.69625 25.81875 25.94125 26.06375 26.18625 26.30875 26.43125 26.55375 26.67625 26.79875 26.92125 27.04375 27.16625 27.28875 27.41125 27.53375 27.65625 27.77875 27.90125 28.02375 28.14625 28.26875 28.39125 28.51375 28.63625 28.75875 28.88125 29.00375 29.12625 29.24875 29.37125 29.49375 29.61625 29.73875 29.86125 29.98375 30.10625 30.22875 30.35125 30.47375 30.59625 30.71875 30.84125 30.96375 31.08625 31.20875 31.33125 31.45375 31.57625 31.69875 31.82125 31.94375 32.06625 32.18875
20.06375 20.19125 20.31875 20.44625 20.57375 20.70125 20.82875 20.95625 21.08375 21.21125 21.33875 21.46625 21.59375 21.72125 21.84875 21.97625 22.10375 22.23125 22.35875 22.48625 22.61375 22.74125 22.86875 22.99625 23.12375 23.25125 23.37875 23.50625 23.63375 23.76125 23.88875 24.01625 24.14375 24.27125 24.39875 24.52625 24.65375 24.78125 24.90875 25.03625 25.16375 25.29125 25.41875 25.54625 25.67375 25.80125 25.92875 26.05625 26.18375 26.31125 26.43875 26.56625 26.69375 26.82125 26.94875 27.07625 27.20375 27.33125 27.45875 27.58625 27.71375 27.84125 27.96875 28.09625 28.22375 28.35125 28.47875 28.60625 28.73375 28.86125 28.98875 29.11625 29.24375 29.37125 29.49875 29.62625 29.75375 29.88125 30.00875 30.13625 30.26375 30.39125 30.51875 30.64625 30.77375 30.90125 31.02875 31.15625 31.28375 31.41125 31.53875 31.66625 31.79375 31.92125 32.04875 32.17625 32.30375 32.43125 32.55875 32.68625
20.06625 20.19875 20.33125 20.46375 20.59625 20.72875 20.86125 20.99375 21.12625 21.25875 21.39125 21.52375 21.65625 21.78875 21.92125 22.05375 22.18625 22.31875 22.45125 22.58375 22.71625 22.84875 22.98125 23.11375 23.24625 23.37875 23.51125 23.64375 23.77625 23.90875 24.04125 24.17375 24.30625 24.43875 24.57125 24.70375 24.83625 24.96875 25.10125 25.23375 25.36625 25.49875 25.63125 25.76375 25.89625 26.02875 26.16125 26.29375 26.42625 26.55875 26.69125 26.82375 26.95625 27.08875 27.22125 27.35375 27.48625 27.61875 27.75125 27.88375 28.01625 28.14875 28.28125 28.41375 28.54625 28.67875 28.81125 28.94375 29.07625 29.20875 29.34125 29.47375 29.60625 29.73875 29.87125 30.00375 30.13625 30.26875 30.40125 30.53375 30.66625 30.79875 30.93125 31.06375 31.19625 31.32875 31.46125 31.59375 31.72625 31.85875 31.99125 32.12375 32.25625 32.38875 32.52125 32.65375 32.78625 32.91875 33.05125 33.18375
20.06875 20.20625 20.34375 20.48125 20.61875 20.75625 20.89375 21.03125 21.16875 21.30625 21.44375 21.58125 21.71875 21.85625 21.99375 22.13125 22.26875 22.40625 22.54375 22.68125 22.81875 22.95625 23.09375 23.23125 23.36875 23.50625 23.64375 23.78125 23.91875 24.05625 24.19375 24.33125 24.46875 24.60625 24.74375 24.88125 25.01875 25.15625 25.29375 25.43125 25.56875 25.70625 25.84375 25.98125 26.11875 26.25625 26.39375 26.53125 26.66875 26.80625 26.94375 27.08125 27.21875 27.35625 27.49375 27.63125 27.76875 27.90625 28.04375 28.18125 28.31875 28.45625 28.59375 28.73125 28.86875 29.00625 29.14375 29.28125 29.41875 29.55625 29.69375 29.83125 29.96875 30.10625 30.24375 30.38125 30.51875 30.65625 30.79375 30.93125 31.06875 31.20625 31.34375 31.48125 31.61875 31.75625 31.89375 32.03125 32.16875 32.30625 32.44375 32.58125 32.71875 32.85625 32.99375 33.13125 33.26875 33.40625 33.54375 33.68125
20.07125 20.21375 20.35625 20.49875 20.64125 20.78375 20.92625 21.06875 21.21125 21.35375 21.49625 21.63875 21.78125 21.92375 22.06625 22.20875 22.35125 22.49375 22.63625 22.77875 22.92125 23.06375 23.20625 23.34875 23.49125 23.63375 23.77625 23.91875 24.06125 24.20375 24.34625 24.48875 24.63125 24.77375 24.91625 25.05875 25.20125 25.34375 25.48625 25.62875 25.77125 25.91375 26.05625 26.19875 26.34125 26.48375 26.62625 26.76875 26.91125 27.05375 27.19625 27.33875 27.48125 27.62375 27.76625 27.90875 28.05125 28.19375 28.33625 28.47875 28.62125 28.76375 28.90625 29.04875 29.19125 29.33375 29.47625 29.61875 29.76125 29.90375 30.04625 30.18875 30.33125 30.47375 30.61625 30.75875 30.90125 31.04375 31.18625 31.32875 31.47125 31.61375 31.75625 31.89875 32.04125 32.18375 32.32625 32.46875 32.61125 32.75375 32.89625 33.03875 33.18125 33.32375 33.46625 33.60875 33.75125 33.89375 34.03625 34.17875
20.07375 20.22125 20.36875 20.51625 20.66375 20.81125 20.95875 21.10625 21.25375 21.40125 21.54875 21.69625 21.84375 21.99125 22.13875 22.28625 22.43375 22.58125 22.72875 22.87625 23.02375 23.17125 23.31875 23.46625 23.61375 23.76125 23.90875 24.05625 24.20375 24.35125 24.49875 24.64625 24.79375 24.94125 25.08875 25.23625 25.38375 25.53125 25.67875 25.82625 25.97375 26.12125 26.26875 26.41625 26.56375 26.71125 26.85875 27.00625 27.15375 27.30125 27.44875 27.59625 27.74375 27.89125 28.03875 28.18625 28.33375 28.48125 28.62875 28.77625 28.92375 29.07125 29.21875 29.36625 29.51375 29.66125 29.80875 29.95625 30.10375 30.25125 30.39875 30.54625 30.69375 30.84125 30.98875 31.13625 31.28375 31.43125 31.57875 31.72625 31.87375 32.02125 32.16875 32.31625 32.46375 32.61125 32.75875 32.90625 33.05375 33.20125 33.34875 33.49625 33.64375 33.79125 33.93875 34.08625 34.23375 34.38125 34.52875 34.67625
20.07625 20.22875 20.38125 20.53375 20.68625 20.83875 20.99125 21.14375 21.29625 21.44875 21.60125 21.75375 21.90625 22.05875 22.21125 22.36375 22.51625 22.66875 22.82125 22.97375 23.12625 23.27875 23.43125 23.58375 23.73625 23.88875 24.04125 24.19375 24.34625 24.49875 24.65125 24.80375 24.95625 25.10875 25.26125 25.41375 25.56625 25.71875 25.87125 26.02375 26.17625 26.32875 26.48125 26.63375 26.78625 26.93875 27.09125 27.24375 27.39625 27.54875 27.70125 27.85375 28.00625 28.15875 28.31125 28.46375 28.61625 28.76875 28.92125 29.07375 29.22625 29.37875 29.53125 29.68375 29.83625 29.98875 30.14125 30.29375 30.44625 30.59875 30.75125 30.90375 31.05625 31.20875 31.36125 31.51375 31.66625 31.81875 31.97125 32.12375 32.27625 32.42875 32.58125 32.73375 32.88625 33.03875 33.19125 33.34375 33.49625 33.64875 33.80125 33.95375 34.10625 34.25875 34.41125 34.56375 34.71625 34.86875 35.02125 35.17375
20.07875 20.23625 20.39375 20.55125 20.70875 20.86625 21.02375 21.18125 21.33875 21.49625 21.65375 21.81125 21.96875 22.12625 22.28375 22.44125 22.59875 22.75625 22.91375 23.07125 23.22875 23.38625 23.54375 23.70125 23.85875 24.01625 24.17375 24.33125 24.48875 24.64625 24.80375 24.96125 25.11875 25.27625 25.43375 25.59125 25.74875 25.90625 26.06375 26.22125 26.37875 26.53625 26.69375 26.85125 27.00875 27.16625 27.32375 27.48125 27.63875 27.79625 27.95375 28.11125 28.26875 28.42625 28.58375 28.74125 28.89875 29.05625 29.21375 29.37125 29.52875 29.68625 29.84375 30.00125 30.15875 30.31625 30.47375 30.63125 30.78875 30.94625 31.10375 31.26125 31.41875 31.57625 31.73375 31.89125 32.04875 32.20625 32.36375 32.52125 32.67875 32.83625 32.99375 33.15125 33.30875 33.46625 33.62375 33.78125 33.93875 34.09625 34.25375 34.41125 34.56875 34.72625 34.88375 35.04125 35.19875 35.35625 35.51375 35.67125
20.08125 20.24375 20.40625 20.56875 20.73125 20.89375 21.05625 21.21875 21.38125 21.54375 21.70625 21.86875 22.03125 22.19375 22.35625 22.51875 22.68125 22.84375 23.00625 23.16875 23.33125 23.49375 23.65625 23.81875 23.98125 24.14375 24.30625 24.46875 24.63125 24.79375 24.95625 25.11875 25.28125 25.44375 25.60625 25.76875 25.93125 26.09375 26.25625 26.41875 26.58125 26.74375 26.90625 27.06875 27.23125 27.39375 27.55625 27.71875 27.88125 28.04375 28.20625 28.36875 28.53125 28.69375 28.85625 29.01875 29.18125 29.34375 29.50625 29.66875 29.83125 29.99375 30.15625 30.31875 30.48125 30.64375 30.80625 30.96875 31.13125 31.29375 31.45625 31.61875 31.78125 31.94375 32.10625 32.26875 32.43125 32.59375 32.75625 32.91875 33.08125 33.24375 33.40625 33.56875 33.73125 33.89375 34.05625 34.21875 34.38125 34.54375 34.70625 34.86875 35.03125 35.19375 35.35625 35.51875 35.68125 35.84375 36.00625 36.16875
20.08375 20.25125 20.41875 20.58625 20.75375 20.92125 21.08875 21.25625 21.42375 21.59125 21.75875 21.92625 22.09375 22.26125 22.42875 22.59625 22.76375 22.93125 23.09875 23.26625 23.43375 23.60125 23.76875 23.93625 24.10375 24.27125 24.43875 24.60625 24.77375 24.94125 25.10875 25.27625 25.44375 25.61125 25.77875 25.94625 26.11375 26.28125 26.44875 26.61625 26.78375 26.95125 27.11875 27.28625 27.45375 27.62125 27.78875 27.95625 28.12375 28.29125 28.45875 28.62625 28.79375 28.96125 29.12875 29.29625 29.46375 29.63125 29.79875 29.96625 30.13375 30.30125 30.46875 30.63625 30.80375 30.97125 31.13875 31.30625 31.47375 31.64125 31.80875 31.97625 32.14375 32.31125 32.47875 32.64625 32.81375 32.98125 33.14875 33.31625 33.48375 33.65125 33.81875 33.98625 34.15375 34.32125 34.48875 34.65625 34.82375 34.99125 35.15875 35.32625 35.49375 35.66125 35.82875 35.99625 36.16375 36.33125 36.49875 36.66625
20.08625 20.25875 20.43125 20.60375 20.77625 20.94875 21.12125 21.29375 21.46625 21.63875 21.81125 21.98375 22.15625 22.32875 22.50125 22.67375 22.84625 23.01875 23.19125 23.36375 23.53625 23.70875 23.88125 24.05375 24.22625 24.39875 24.57125 24.74375 24.91625 25.08875 25.26125 25.43375 25.60625 25.77875 25.95125 26.12375 26.29625 26.46875 26.64125 26.81375 26.98625 27.15875 27.33125 27.50375 27.67625 27.84875 28.02125 28.19375 28.36625 28.53875 28.71125 28.88375 29.05625 29.22875 29.40125 29.57375 29.74625 29.91875 30.09125 30.26375 30.43625 30.60875 30.78125 30.95375 31.12625 31.29875 31.47125 31.64375 31.81625 31.98875 32.16125 32.33375 32.50625 32.67875 32.85125 33.02375 33.19625 33.36875 33.54125 33.71375 33.88625 34.05875 34.23125 34.40375 34.57625 34.74875 34.92125 35.09375 35.26625 35.43875 35.61125 35.78375 35.95625 36.12875 36.30125 36.47375 36.64625 36.81875 36.99125 37.16375
20.08875 20.26625 20.44375 20.62125 20.79875 20.97625 21.15375 21.33125 21.50875 21.68625 21.86375 22.04125 22.21875 22.39625 22.57375 22.75125 22.92875 23.10625 23.28375 23.46125 23.63875 23.81625 23.99375 24.17125 24.34875 24.52625 24.70375 24.88125 25.05875 25.23625 25.41375 25.59125 25.76875 25.94625 26.12375 26.30125 26.47875 26.65625 26.83375 27.01125 27.18875 27.36625 27.54375 27.72125 27.89875 28.07625 28.25375 28.43125 28.60875 28.78625 28.96375 29.14125 29.31875 29.49625 29.67375 29.85125 30.02875 30.20625 30.38375 30.56125 30.73875 30.91625 31.09375 31.27125 31.44875 31.62625 31.80375 31.98125 32.15875 32.33625 32.51375 32.69125 32.86875 33.04625 33.22375 33.40125 33.57875 33.75625 33.93375 34.11125 34.28875 34.46625 34.64375 34.82125 34.99875 35.17625 35.35375 35.53125 35.70875 35.88625 36.06375 36.24125 36.41875 36.59625 36.77375 36.95125 37.12875 37.30625 37.48375 37.66125
20.09125 20.27375 20.45625 20.63875 20.82125 21.00375 21.18625 21.36875 21.55125 21.73375 21.91625 22.09875 22.28125 22.46375 22.64625 22.82875 23.01125 23.19375 23.37625 23.55875 23.74125 23.92375 24.10625 24.28875 24.47125 24.65375 24.83625 25.01875 25.20125 25.38375 25.56625 25.74875 25.93125 26.11375 26.29625 26.47875 26.66125 26.84375 27.02625 27.20875 27.39125 27.57375 27.75625 27.93875 28.12125 28.30375 28.48625 28.66875 28.85125 29.03375 29.21625 29.39875 29.58125 29.76375 29.94625 30.12875 30.31125 30.49375 30.67625 30.85875 31.04125 31.22375 31.40625 31.58875 31.77125 31.95375 32.13625 32.31875 32.50125 32.68375 32.86625 33.04875 33.23125 33.41375 33.59625 33.77875 33.96125 34.14375 34.32625 34.50875 34.69125 34.87375 35.05625 35.23875 35.42125 35.60375 35.78625 35.96875 36.15125 36.33375 36.51625 36.69875 36.88125 37.06375 37.24625 37.42875 37.61125 37.79375 37.97625 38.15875
20.09375 20.28125 20.46875 20.65625 20.84375 21.03125 21.21875 21.40625 21.59375 21.78125 21.96875 22.15625 22.34375 22.53125 22.71875 22.90625 23.09375 23.28125 23.46875 23.65625 23.84375 24.03125 24.21875 24.40625 24.59375 24.78125 24.96875 25.15625 25.34375 25.53125 25.71875 25.90625 26.09375 26.28125 26.46875 26.65625 26.84375 27.03125 27.21875 27.40625 27.59375 27.78125 27.96875 28.15625 28.34375 28.53125 28.71875 28.90625 29.09375 29.28125 29.46875 29.65625 29.84375 30.03125 30.21875 30.40625 30.59375 30.78125 30.96875 31.15625 31.34375 31.53125 31.71875 31.90625 32.09375 32.28125 32.46875 32.65625 32.84375 33.03125 33.21875 33.40625 33.59375 33.78125 33.96875 34.15625 34.34375 34.53125 34.71875 34.90625 35.09375 35.28125 35.46875 35.65625 35.84375 36.03125 36.21875 36.40625 36.59375 36.78125 36.96875 37.15625 37.34375 37.53125 37.71875 37.90625 38.09375 38.28125 38.46875 38.65625
20.09625 20.28875 20.48125 20.67375 20.86625 21.05875 21.25125 21.44375 21.63625 21.82875 22.02125 22.21375 22.40625 22.59875 22.79125 22.98375 23.17625 23.36875 23.56125 23.75375 23.94625 24.13875 24.33125 24.52375 24.71625 24.90875 25.10125 25.29375 25.48625 25.67875 25.87125 26.06375 26.25625 26.44875 26.64125 26.83375 27.02625 27.21875 27.41125 27.60375 27.79625 27.98875 28.18125 28.37375 28.56625 28.75875 28.95125 29.14375 29.33625 29.52875 29.72125 29.91375 30.10625 30.29875 30.49125 30.68375 30.87625 31.06875 31.26125 31.45375 31.64625 31.83875 32.03125 32.22375 32.41625 32.60875 32.80125 32.99375 33.18625 33.37875 33.57125 33.76375 33.95625 34.14875 34.34125 34.53375 34.72625 34.91875 35.11125 35.30375 35.49625 35.68875 35.88125 36.07375 36.26625 36.45875 36.65125 36.84375 37.03625 37.22875 37.42125 37.61375 37.80625 37.99875 38.19125 38.38375 38.57625 38.76875 38.96125 39.15375
20.09875 20.29625 20.49375 20.69125 20.88875 21.08625 21.28375 21.48125 21.67875 21.87625 22.07375 22.27125 22.46875 22.66625 22.86375 23.06125 23.25875 23.45625 23.65375 23.85125 24.04875 24.24625 24.44375 24.64125 24.83875 25.03625 25.23375 25.43125 25.62875 25.82625 26.02375 26.22125 26.41875 26.61625 26.81375 27.01125 27.20875 27.40625 27.60375 27.80125 27.99875 28.19625 28.39375 28.59125 28.78875 28.98625 29.18375 29.38125 29.57875 29.77625 29.97375 30.17125 30.36875 30.56625 30.76375 30.96125 31.15875 31.35625 31.55375 31.75125 31.94875 32.14625 32.34375 32.54125 32.73875 32.93625 33.13375 33.33125 33.52875 33.72625 33.92375 34.12125 34.31875 34.51625 34.71375 34.91125 35.10875 35.30625 35.50375 35.70125 35.89875 36.09625 36.29375 36.49125 36.68875 36.88625 37.08375 37.28125 37.47875 37.67625 37.87375 38.07125 38.26875 38.46625 38.66375 38.86125 39.05875 39.25625 39.45375 39.65125
20.10125 20.30375 20.50625 20.70875 20.91125 21.11375 21.31625 21.51875 21.72125 21.92375 22.12625 22.32875 22.53125 22.73375 22.93625 23.13875 23.34125 23.54375 23.74625 23.94875 24.15125 24.35375 24.55625 24.75875 24.96125 25.16375 25.36625 25.56875 25.77125 25.97375 26.17625 26.37875 26.58125 26.78375 26.98625 27.18875 27.39125 27.59375 27.79625 27.99875 28.20125 28.40375 28.60625 28.80875 29.01125 29.21375 29.41625 29.61875 29.82125 30.02375 30.22625 30.42875 30.63125 30.83375 31.03625 31.23875 31.44125 31.64375 31.84625 32.04875 32.25125 32.45375 32.65625 32.85875 33.06125 33.26375 33.46625 33.66875 33.87125 34.07375 34.27625 34.47875 34.68125 34.88375 35.08625 35.28875 35.49125 35.69375 35.89625 36.09875 36.30125 36.50375 36.70625 36.90875 37.11125 37.31375 37.51625 37.71875 37.92125 38.12375 38.32625 38.52875 38.73125 38.93375 39.13625 39.33875 39.54125 39.74375 39.94625 40.14875
20.10375 20.31125 20.51875 20.72625 20.93375 21.14125 21.34875 21.55625 21.76375 21.97125 22.17875 22.38625 22.59375 22.80125 23.00875 23.21625 23.42375 23.63125 23.83875 24.04625 24.25375 24.46125 24.66875 24.87625 25.08375 25.29125 25.49875 25.70625 25.91375 26.12125 26.32875 26.53625 26.74375 26.95125 27.15875 27.36625 27.57375 27.78125 27.98875 28.19625 28.40375 28.61125 28.81875 29.02625 29.23375 29.44125 29.64875 29.85625 30.06375 30.27125 30.47875 30.68625 30.89375 31.10125 31.30875 31.51625 31.72375 31.93125 32.13875 32.34625 32.55375 32.76125 32.96875 33.17625 33.38375 33.59125 33.79875 34.00625 34.21375 34.42125 34.62875 34.83625 35.04375 35.25125 35.45875 35.66625 35.87375 36.08125 36.28875 36.49625 36.70375 36.91125 37.11875 37.32625 37.53375 37.74125 37.94875 38.15625 38.36375 38.57125 38.77875 38.98625 39.19375 39.40125 39.60875 39.81625 40.02375 40.23125 40.43875 40.64625
20.10625 20.31875 20.53125 20.74375 20.95625 21.16875 21.38125 21.59375 21.80625 22.01875 22.23125 22.44375 22.65625 22.86875 23.08125 23.29375 23.50625 23.71875 23.93125 24.14375 24.35625 24.56875 24.78125 24.99375 25.20625 25.41875 25.63125 25.84375 26.05625 26.26875 26.48125 26.69375 26.90625 27.11875 27.33125 27.54375 27.75625 27.96875 28.18125 28.39375 28.60625 28.81875 29.03125 29.24375 29.45625 29.66875 29.88125 30.09375 30.30625 30.51875 30.73125 30.94375 31.15625 31.36875 31.58125 31.79375 32.00625 32.21875 32.43125 32.64375 32.85625 33.06875 33.28125 33.49375 33.70625 33.91875 34.13125 34.34375 34.55625 34.76875 34.98125 35.19375 35.40625 35.61875 35.83125 36.04375 36.25625 36.46875 36.68125 36.89375 37.10625 37.31875 37.53125 37.74375 37.95625 38.16875 38.38125 38.59375 38.80625 39.01875 39.23125 39.44375 39.65625 39.86875 40.08125 40.29375 40.50625 40.71875 40.93125 41.14375
20.10875 20.32625 20.54375 20.76125 20.97875 21.19625 21.41375 21.63125 21.84875 22.06625 22.28375 22.50125 22.71875 22.93625 23.15375 23.37125 23.58875 23.80625 24.02375 24.24125 24.45875 24.67625 24.89375 25.11125 25.32875 25.54625 25.76375 25.98125 26.19875 26.41625 26.63375 26.85125 27.06875 27.28625 27.50375 27.72125 27.93875 28.15625 28.37375 28.59125 28.80875 29.02625 29.24375 29.46125 29.67875 29.89625 30.11375 30.33125 30.54875 30.76625 30.98375 31.20125 31.41875 31.63625 31.85375 32.07125 32.28875 32.50625 32.72375 32.94125 33.15875 33.37625 33.59375 33.81125 34.02875 34.24625 34.46375 34.68125 34.89875 35.11625 35.33375 35.55125 35.76875 35.98625 36.20375 36.42125 36.63875 36.85625 37.07375 37.29125 37.50875 37.72625 37.94375 38.16125 38.37875 38.59625 38.81375 39.03125 39.24875 39.46625 39.68375 39.90125 40.11875 40.33625 40.55375 40.77125 40.98875 41.20625 41.42375 41.64125
